$ANSIBLE_VAULT;1.1;AES256
39666231333536623062353765626564343263383564306563393537666132363731306336363334
3637663163336631373639623232343265326635366435630a333333623436383138306431616135
63373937333365633833376461366663623464616139623764393764386237663964333735633835
3031653964613538300a343538303134613231346536373337333136663461656261653435663734
39663233613932376432666638383334336433613435646232313636356539306663616332353761
65333337653264346439373966356334626166666162656335383230626664366234393136363563
64656463663263373965663536653165386562636339666231623661333034643839646264393037
63343663636563313430353235623139643063616165653238363437646239346530343038323762
38373663303631656530633439663561386130663833656137336132386663666339326631343430
66653138633139393062636365383661383663653334343834323237323838393434303434336230
64363632396237643130346364646262316433306463323031353739653064393437346635343934
65623238373536363739623935356437626130643936646261336366333030353130386331326231
34383936376563366463373535613633663935346533353633643265343463333266386137653161
37316165623539656636336665613862363063643332346665326639363139643633363439383566
61316338343830616333393835633539646638383133636431313261323534343639663534646538
37323531663161383338633832656462386163323236376466653562623465653939626635346263
32633235616162666634663663623539343361373531303332326432323762653834313732333736
61646536616339303963663637663832623764666465646364633566316464326562396563396232
32326635343630353135623730346565633032633563656134313139623135376465633064313335
63303761396366343461623935643361336630393361393536663930613232346433656162623162
33353436313232633966373661396233336662303161623664616361306166653430626262383534
32313865646533633630376333343135393738356432613564373334313333356536306438323337
34373161396565373538363435333934303163353034363437643865663231306337616430616661
37386263316531613363643331333638323938656233626534646535353932396238636531663264
63356439333465373663646137376232636539376466343962306261356231653031373761343234
30393432386530316663376264626264643563383335623638303661316162316635653663343138
31656237626565376264666236303738326565346363393565383763376162333462356332313962
32643365666164343439353765313965303264353632383463303236653738336436316635376162
65653332336363663966323462643139373862306331336137666130313135313764333236663331
32636332313264663562633161346638633865623464356238346130663337353938623664323363
63656663343435396432646363353532336666316265373133356631376431383134306139323163
63326234396466636664333439306339646533393064393237396435636161323765633261303635
63656162326436616634656434386432633862313332373566346461336638333432393330666465
6130353530336666313661623932386333363933373765393838
