$ANSIBLE_VAULT;1.1;AES256
38393766613766616465303465396336643339633662363934613331316462353338663333623864
6638323561363532353931323639353932343063373366610a346331323135343839333261633434
31633230303734346334316539663764616431373631396130643630313965356231356438613239
3730393033613431320a666661353136393939316537343061663761366539393163643163373130
64313230656464353030663536326137373463613163393835623164653063653035636562656164
63346438313933613739323162313131386337363230633830663866393133303639396636336162
32393531623162396537336462366665623732636433363039633763386161393061333130373539
65636464663438643665623335323931623261303332343231333365396265376464323031656632
63623039386639383434393438633032353866613362383739303262633665393963303534343862
36613664613537623736323037323232363931343835306136303634333938323232363666373336
62653232363238653131363738616266653530323463663862643733616136353035353666643835
31353537353065323638346664336561613739366462366433633239623632343464626363303163
61313633363765356338613064393764383563303665633430666638393536333332646361643735
36316563393862396161313236353636336436343835353464653231343065623335313133366339
34353738633732353465386461323562663462613231663936623634623536343061383734313063
66363863396163626334643839313739316639366361616164353937666234383966393865643565
66383262663463343239623434353039376232356230623936376561636166366365346335616238
33353638383830633430303936336461336234643265653837656234353563353463613939376435
30323066323163366563636464613534326233656466313237663835613937313662663632363531
64363563616530343665383061346335373130333731613731373038343561323065356365613537
30306637656666663430636430653932356530643165633637303664613165653832663037396237
37333830373234616131663634393633326338643434366530303064613738636366623262623736
38393033636565366362386635353837326561623130646265366133363737316534636366383039
61623365356130396132653139316330333065663033613836303231653638316437383131353733
39656531366133636239303633653837316535393433633331306332393335643533613262373665
38346636393539653535366439396632313565313461353565633239303532663165616131303665
39613865373664623932623233363633643731663465306339393132663532356239343462326263
36333132316635333233653435623538306633613033373333336437356333653932633361333330
36636631356537366462613734366331643862656132613661376430333331656161323561613734
64383766613232356336613637633962613538353134643334616236313062396165623636383132
36366563386635653662616435353764346534646537623465353637663461353338363937376361
32616162613762653666643666653332643533353363373639303332353666643862353965333239
66306330653630373836623662366664323962373631623232626132353135653535646437323533
31613565356261353561316235303136393835623838343864343764633131313565383834323862
34303562336637613164666230643139623830396638623233663230343862656236353334303734
65666333613234623533646333643362313031326138666565653335323461613439343935366130
63643863346133343261363939613136376464323164343531393032323935653965356161623539
64386663636636393564313062363833346231373763386632373032396639373039623336353434
62653537333337663639633138636238646464323234333264623562616533636637643963666665
65356137626630336438366165366138656231373033626639356464653333616435623234626262
36333363316265613538333637663239353439646634623039373463333837656265
